"Actual error" "Estimated error" "Expected behavior O(1/sqrt(N))"1000 0.187253 0.0850799 0.0859596
2000 0.0464126 0.0585555 0.0607826
3000 0.0662677 0.0478216 0.0496288
4000 0.00483076 0.0416991 0.0429798
5000 0.0139106 0.0370365 0.0384423
6000 0.0158325 0.0338054 0.0350929
7000 0.0658465 0.0314244 0.0324897
8000 0.0327233 0.0295196 0.0303913
9000 0.00957088 0.027575 0.0286532
10000 0.0288005 0.0261278 0.0271828
11000 0.0352004 0.0250545 0.0259178
12000 0.0349834 0.0239295 0.0248144
13000 0.0161905 0.0230066 0.0238409
14000 0.0366773 0.0221173 0.0229737
15000 0.0197377 0.0213921 0.0221947
16000 0.0366884 0.0207912 0.0214899
17000 0.0116229 0.0202241 0.0208483
18000 0.010136 0.0195598 0.0202609
19000 0.0303408 0.0190477 0.0197205
20000 0.0135023 0.0185563 0.0192212
21000 0.00257697 0.0181209 0.0187579
22000 0.0257442 0.017671 0.0183267
23000 0.00428414 0.0173307 0.0179238
24000 0.0383142 0.0168894 0.0175464
25000 0.0140667 0.016608 0.0171919
26000 0.0010365 0.0163314 0.0168581
27000 0.033726 0.0159573 0.0165429
28000 0.0207933 0.0156809 0.0162448
29000 0.0243102 0.0153542 0.0159623
30000 0.00573186 0.0151799 0.015694
31000 0.000669595 0.0149031 0.0154388
32000 0.000696048 0.0146589 0.0151957
33000 0.0146126 0.0144117 0.0149636
34000 0.00872952 0.0141846 0.014742
35000 0.00069554 0.0140321 0.0145298
36000 0.0136317 0.0138331 0.0143266
37000 0.00658774 0.0136832 0.0141317
38000 0.0166266 0.0134509 0.0139445
39000 1.79466e-05 0.0133219 0.0137646
40000 0.0286872 0.0131212 0.0135914
41000 0.0172162 0.0129181 0.0134246
42000 0.003288 0.012797 0.0132639
43000 0.00122406 0.0126871 0.0131087
44000 0.0039023 0.0125366 0.0129589
45000 0.0020311 0.0123926 0.0128141
46000 0.0216087 0.0122409 0.0126741
47000 0.0101776 0.012111 0.0125385
48000 0.0171363 0.0119721 0.0124072
49000 0.0111563 0.0118962 0.0122799
50000 0.00242271 0.0117243 0.0121565
51000 0.00335281 0.011616 0.0120368
52000 0.00626747 0.0114919 0.0119205
53000 0.0232743 0.0113996 0.0118075
54000 0.00589992 0.0113048 0.0116976
55000 0.0116793 0.0111682 0.0115908
56000 0.00113509 0.0110686 0.0114868
57000 0.00672288 0.0110001 0.0113856
58000 0.00707295 0.010877 0.0112871
59000 0.00657616 0.0107897 0.011191
60000 0.0158508 0.0107337 0.0110973
61000 0.00355991 0.010628 0.011006
62000 0.017937 0.0105047 0.0109169
63000 0.00252462 0.0104317 0.0108299
64000 0.0022613 0.0103967 0.010745
65000 0.00684609 0.01027 0.010662
66000 0.00356788 0.0102397 0.0105809
67000 0.00665278 0.0101585 0.0105016
68000 0.0337552 0.0100813 0.0104241
69000 0.0176729 0.0100023 0.0103483
70000 0.0100134 0.00992293 0.0102741
71000 0.000189138 0.00986565 0.0102015
72000 0.00898964 0.0097718 0.0101304
73000 0.00303296 0.00970038 0.0100608
74000 5.39378e-05 0.00964621 0.0099926
75000 0.0150909 0.00954308 0.00992576
76000 0.00202247 0.00951752 0.00986024
77000 0.0140627 0.00945827 0.00979601
78000 0.015588 0.00939143 0.00973301
79000 0.0004552 0.00932496 0.00967121
80000 0.00144724 0.00927368 0.00961058
81000 0.0088264 0.00921514 0.00955107
82000 0.00789152 0.00914814 0.00949265
83000 0.0226365 0.00909113 0.00943529
84000 0.0109271 0.00904797 0.00937896
85000 0.000638605 0.00900912 0.00932363
86000 0.00460971 0.00893078 0.00926926
87000 0.00500746 0.0088948 0.00921584
88000 0.014319 0.00887223 0.00916333
89000 0.00956705 0.00882759 0.0091117
90000 0.00328803 0.00876615 0.00906094
91000 0.010245 0.00870617 0.00901102
92000 0.0036913 0.00866279 0.00896191
93000 0.0020582 0.00860508 0.0089136
94000 0.00239973 0.00856729 0.00886606
95000 0.0103088 0.00851532 0.00881927
96000 0.0159571 0.00847099 0.00877322
97000 0.00408316 0.00841041 0.00872788
98000 0.00130108 0.00837344 0.00868323
99000 0.0148447 0.00835276 0.00863927
100000 0.00451337 0.00829327 0.00859596
