# m=0, S=4
0 1
0.5 -0.801144
1 0.283662
1.5 0.346635
2 -0.839072
2.5 0.997798
3 -0.759688
3.5 0.21944
4 0.408082
4.5 -0.873305
# m=2, S=0
0 1
0.025 0.992198
0.05 0.968912
0.075 0.930508
0.1 0.877583
0.125 0.810963
0.15 0.731689
0.175 0.640997
0.2 0.540302
0.225 0.431177
0.25 0.315322
0.275 0.194548
0.3 0.0707372
0.325 -0.0541771
0.35 -0.178246
0.375 -0.299534
0.4 -0.416147
0.425 -0.526266
0.45 -0.628174
0.475 -0.720278
0.5 -0.801144
0.525 -0.869507
0.55 -0.924302
0.575 -0.964674
0.6 -0.989992
0.625 -0.999862
0.65 -0.99413
0.675 -0.972884
0.7 -0.936457
0.725 -0.885416
0.75 -0.820559
0.775 -0.742898
0.8 -0.653644
0.825 -0.55419
0.85 -0.446087
0.875 -0.331024
0.9 -0.210796
0.925 -0.0872778
0.95 0.0376022
0.975 0.161895
1 0.283662
1.025 0.401003
1.05 0.512085
1.075 0.615177
1.1 0.70867
1.125 0.791104
1.15 0.861192
1.175 0.917843
1.2 0.96017
1.225 0.987515
1.25 0.999449
1.275 0.995788
1.3 0.976588
1.325 0.942148
1.35 0.893006
1.375 0.82993
1.4 0.753902
1.425 0.66611
1.45 0.567924
1.475 0.460876
1.5 0.346635
1.525 0.226986
1.55 0.103794
1.575 -0.0210168
1.6 -0.1455
1.625 -0.267713
1.65 -0.385748
1.675 -0.497764
1.7 -0.602012
1.725 -0.696866
1.75 -0.780846
1.775 -0.852641
1.8 -0.91113
1.825 -0.955402
1.85 -0.984765
1.875 -0.998761
1.9 -0.997172
1.925 -0.980022
1.95 -0.94758
1.975 -0.900351
2 -0.839072
2.025 -0.764699
2.05 -0.678394
2.075 -0.581502
2.1 -0.475537
2.125 -0.362151
2.15 -0.243113
2.175 -0.120282
2.2 0.0044257
2.225 0.129065
2.25 0.25169
2.275 0.370387
2.3 0.483305
2.325 0.588681
2.35 0.68487
2.375 0.770373
2.4 0.843854
2.425 0.904167
2.45 0.950371
2.475 0.981744
2.5 0.997798
2.525 0.998282
2.55 0.983187
2.575 0.952751
2.6 0.907447
2.625 0.847982
2.65 0.775285
2.675 0.690491
2.7 0.594921
2.725 0.490067
2.75 0.377567
2.775 0.259174
2.8 0.136737
2.825 0.0121666
2.85 -0.112594
2.875 -0.235597
2.9 -0.354924
2.925 -0.468713
2.95 -0.575187
2.975 -0.672686
3 -0.759688
3.025 -0.834835
3.05 -0.896955
3.075 -0.945078
3.1 -0.978453
3.125 -0.996561
3.15 -0.999117
3.175 -0.986082
3.2 -0.957659
3.225 -0.914293
3.25 -0.85666
3.275 -0.785658
3.3 -0.702397
3.325 -0.608175
3.35 -0.504463
3.375 -0.392878
3.4 -0.275163
3.425 -0.153154
3.45 -0.0287556
3.475 0.0960919
3.5 0.21944
3.525 0.339364
3.55 0.453992
3.575 0.561536
3.6 0.660317
3.625 0.748794
3.65 0.825586
3.675 0.889496
3.7 0.939525
3.725 0.974893
3.75 0.995048
3.775 0.999676
3.8 0.988705
3.825 0.962305
3.85 0.920888
3.875 0.865101
3.9 0.795815
3.925 0.71411
3.95 0.621262
3.975 0.518719
4 0.408082
4.025 0.291077
4.05 0.16953
4.075 0.0453367
4.1 -0.0795636
4.125 -0.203222
4.15 -0.32371
4.175 -0.439146
4.2 -0.547729
4.225 -0.647766
4.25 -0.737694
4.275 -0.81611
4.3 -0.881792
4.325 -0.933713
4.35 -0.971064
4.375 -0.993262
4.4 -0.999961
4.425 -0.991055
4.45 -0.966685
4.475 -0.927229
4.5 -0.873305
4.525 -0.805752
4.55 -0.725627
4.575 -0.634178
4.6 -0.532833
4.625 -0.423173
4.65 -0.30691
4.675 -0.185858
4.7 -0.0619053
4.725 0.0630133
4.75 0.186949
4.775 0.307967
4.8 0.424179
4.825 0.533772
4.85 0.635036
4.875 0.72639
4.9 0.806409
4.925 0.873845
4.95 0.927644
4.975 0.966968
# m=1, S=0
0 1
0.0226131 0.882388
0.0452261 0.76522
0.0678392 0.648942
0.0904523 0.533997
0.113065 0.420831
0.135678 0.309888
0.158291 0.201612
0.180905 0.0964489
0.203518 -0.00515772
0.226131 -0.102763
0.248744 -0.195922
0.271357 -0.284191
0.29397 -0.367124
0.316583 -0.444278
0.339196 -0.515207
0.361809 -0.579467
0.384422 -0.636614
0.407035 -0.686203
0.429648 -0.727788
0.452261 -0.760927
0.474874 -0.785173
0.497487 -0.800083
0.520101 -0.805336
0.542714 -0.801311
0.565327 -0.788629
0.58794 -0.767911
0.610553 -0.739778
0.633166 -0.704852
0.655779 -0.663753
0.678392 -0.617102
0.701005 -0.565522
0.723618 -0.509633
0.746231 -0.450056
0.768844 -0.387413
0.791457 -0.322325
0.81407 -0.255412
0.836683 -0.187297
0.859296 -0.1186
0.88191 -0.0499428
0.904523 0.0180539
0.927136 0.0847686
0.949749 0.14958
0.972362 0.211867
0.994975 0.271009
1.01759 0.326423
1.0402 0.377833
1.06281 0.425108
1.08543 0.468122
1.10804 0.506744
1.13065 0.540847
1.15327 0.5703
1.17588 0.594976
1.19849 0.614746
1.22111 0.629481
1.24372 0.639052
1.26633 0.64333
1.28894 0.642188
1.31156 0.635495
1.33417 0.623123
1.35678 0.604943
1.3794 0.580828
1.40201 0.550647
1.42462 0.514272
1.44724 0.471574
1.46985 0.422425
1.49246 0.366696
1.51508 0.304314
1.53769 0.235861
1.5603 0.16234
1.58291 0.0847613
1.60553 0.00413519
1.62814 -0.0785278
1.65075 -0.162217
1.67337 -0.245923
1.69598 -0.328635
1.71859 -0.409342
1.74121 -0.487035
1.76382 -0.560702
1.78643 -0.629334
1.80905 -0.69192
1.83166 -0.74745
1.85427 -0.794913
1.87688 -0.8333
1.8995 -0.861599
1.92211 -0.878801
1.94472 -0.883894
1.96734 -0.87587
1.98995 -0.853717
2.01256 -0.816498
2.03518 -0.764584
2.05779 -0.699482
2.0804 -0.622732
2.10302 -0.535876
2.12563 -0.440457
2.14824 -0.338016
2.17085 -0.230095
2.19347 -0.118236
2.21608 -0.0039816
2.23869 0.111127
2.26131 0.225548
2.28392 0.337739
2.30653 0.446158
2.32915 0.549263
2.35176 0.645513
2.37437 0.733365
2.39698 0.811278
2.4196 0.877709
2.44221 0.931117
2.46482 0.96996
2.48744 0.992695
2.51005 0.997826
2.53266 0.985197
2.55528 0.956207
2.57789 0.91234
2.6005 0.855082
2.62312 0.785918
2.64573 0.706331
2.66834 0.617806
2.69095 0.521829
2.71357 0.419884
2.73618 0.313456
2.75879 0.20403
2.78141 0.0930893
2.80402 -0.0178798
2.82663 -0.127393
2.84925 -0.233966
2.87186 -0.336113
2.89447 -0.432351
2.91709 -0.521193
2.9397 -0.601156
2.96231 -0.670755
2.98492 -0.728504
3.00754 -0.772935
3.03015 -0.803453
3.05276 -0.820825
3.07538 -0.825934
3.09799 -0.819663
3.1206 -0.802896
3.14322 -0.776515
3.16583 -0.741404
3.18844 -0.698445
3.21106 -0.648523
3.23367 -0.59252
3.25628 -0.531319
3.27889 -0.465803
3.30151 -0.396857
3.32412 -0.325362
3.34673 -0.252201
3.36935 -0.178259
3.39196 -0.104418
3.41457 -0.031562
3.43719 0.039427
3.4598 0.107665
3.48241 0.17227
3.50503 0.232359
3.52764 0.287341
3.55025 0.337229
3.57286 0.382113
3.59548 0.422085
3.61809 0.457233
3.6407 0.487649
3.66332 0.513422
3.68593 0.534642
3.70854 0.551401
3.73116 0.563788
3.75377 0.571892
3.77638 0.575806
3.79899 0.575618
3.82161 0.571419
3.84422 0.563299
3.86683 0.551348
3.88945 0.535657
3.91206 0.516315
3.93467 0.493414
3.95729 0.467043
3.9799 0.437292
4.00251 0.404251
4.02513 0.368024
4.04774 0.328749
4.07035 0.286572
4.09296 0.241636
4.11558 0.194088
4.13819 0.144073
4.1608 0.091735
4.18342 0.0372202
4.20603 -0.0193265
4.22864 -0.0777601
4.25126 -0.137935
4.27387 -0.199707
4.29648 -0.26293
4.3191 -0.32746
4.34171 -0.393151
4.36432 -0.459857
4.38693 -0.527435
4.40955 -0.595738
4.43216 -0.664621
4.45477 -0.733941
4.47739 -0.80355
4.5 -0.873305
# m=3, S=0
0 -5.20435
0.0226131 -5.19452
0.0452261 -5.16503
0.0678392 -5.11587
0.0904523 -5.04706
0.113065 -4.95858
0.135678 -4.85045
0.158291 -4.72265
0.180905 -4.57519
0.203518 -4.40807
0.226131 -4.22129
0.248744 -4.01485
0.271357 -3.78874
0.29397 -3.54298
0.316583 -3.27755
0.339196 -2.99247
0.361809 -2.68772
0.384422 -2.36331
0.407035 -2.01924
0.429648 -1.65551
0.452261 -1.27211
0.474874 -0.869061
0.497487 -0.446346
0.520101 -0.0225896
0.542714 0.373987
0.565327 0.743093
0.58794 1.08473
0.610553 1.39889
0.633166 1.68559
0.655779 1.94481
0.678392 2.17656
0.701005 2.38084
0.723618 2.55765
0.746231 2.70699
0.768844 2.82886
0.791457 2.92326
0.81407 2.99019
0.836683 3.02965
0.859296 3.04164
0.88191 3.02615
0.904523 2.9832
0.927136 2.91277
0.949749 2.81488
0.972362 2.68951
0.994975 2.53667
1.01759 2.36295
1.0402 2.183
1.06281 1.99735
1.08543 1.80601
1.10804 1.60897
1.13065 1.40624
1.15327 1.19782
1.17588 0.983698
1.19849 0.763885
1.22111 0.538378
1.24372 0.307176
1.26633 0.0702806
1.28894 -0.172309
1.31156 -0.420594
1.33417 -0.674572
1.35678 -0.934245
1.3794 -1.19961
1.40201 -1.47067
1.42462 -1.74743
1.44724 -2.02988
1.46985 -2.31802
1.49246 -2.61186
1.51508 -2.9002
1.53769 -3.14666
1.5603 -3.34843
1.58291 -3.50553
1.60553 -3.61795
1.62814 -3.68569
1.65075 -3.70875
1.67337 -3.68712
1.69598 -3.62082
1.71859 -3.50984
1.74121 -3.35418
1.76382 -3.15384
1.78643 -2.90882
1.80905 -2.61912
1.83166 -2.28474
1.85427 -1.90568
1.87688 -1.48194
1.8995 -1.01352
1.92211 -0.500423
1.94472 0.0573553
1.96734 0.659814
1.98995 1.30695
2.01256 1.98135
2.03518 2.59871
2.05779 3.14788
2.0804 3.62887
2.10302 4.04167
2.12563 4.38628
2.14824 4.6627
2.17085 4.87093
2.19347 5.01098
2.21608 5.08284
2.23869 5.08651
2.26131 5.022
2.28392 4.8893
2.30653 4.68841
2.32915 4.41933
2.35176 4.08206
2.37437 3.67661
2.39698 3.20297
2.4196 2.66114
2.44221 2.05113
2.46482 1.37292
2.48744 0.626533
2.51005 -0.174825
2.53266 -0.93118
2.55528 -1.62188
2.57789 -2.24691
2.6005 -2.80629
2.62312 -3.30001
2.64573 -3.72807
2.66834 -4.09048
2.69095 -4.38722
2.71357 -4.6183
2.73618 -4.78373
2.75879 -4.8835
2.78141 -4.9176
2.80402 -4.88605
2.82663 -4.78884
2.84925 -4.62598
2.87186 -4.39745
2.89447 -4.10326
2.91709 -3.74342
2.9397 -3.31792
2.96231 -2.82675
2.98492 -2.26993
3.00754 -1.65327
3.03015 -1.05239
3.05276 -0.490572
3.07538 0.0321951
3.09799 0.515907
3.1206 0.960564
3.14322 1.36617
3.16583 1.73271
3.18844 2.0602
3.21106 2.34864
3.23367 2.59802
3.25628 2.80835
3.27889 2.97962
3.30151 3.11184
3.32412 3.205
3.34673 3.2591
3.36935 3.27415
3.39196 3.25015
3.41457 3.18709
3.43719 3.08498
3.4598 2.94381
3.48241 2.76358
3.50503 2.54537
3.52764 2.31812
3.55025 2.09486
3.57286 1.8756
3.59548 1.66032
3.61809 1.44903
3.6407 1.24173
3.66332 1.03842
3.68593 0.839097
3.70854 0.643765
3.73116 0.452423
3.75377 0.265069
3.77638 0.0817056
3.79899 -0.097669
3.82161 -0.273054
3.84422 -0.44445
3.86683 -0.611857
3.88945 -0.775274
3.91206 -0.934702
3.93467 -1.09014
3.95729 -1.24159
3.9799 -1.38905
4.00251 -1.53251
4.02513 -1.6705
4.04774 -1.80208
4.07035 -1.92724
4.09296 -2.04598
4.11558 -2.1583
4.13819 -2.26421
4.1608 -2.3637
4.18342 -2.45676
4.20603 -2.54341
4.22864 -2.62364
4.25126 -2.69746
4.27387 -2.76485
4.29648 -2.82582
4.3191 -2.88038
4.34171 -2.92852
4.36432 -2.97024
4.38693 -3.00554
4.40955 -3.03442
4.43216 -3.05689
4.45477 -3.07294
4.47739 -3.08256
4.5 -3.08577
# m=4, S=0
0 0
0.0226131 0.0212829
0.0452261 0.0399103
0.0678392 0.0558975
0.0904523 0.0692695
0.113065 0.0800615
0.135678 0.0883188
0.158291 0.0940967
0.180905 0.0974604
0.203518 0.0984855
0.226131 0.0972573
0.248744 0.0938714
0.271357 0.0884334
0.29397 0.0810588
0.316583 0.0718734
0.339196 0.0610128
0.361809 0.0486228
0.384422 0.0348593
0.407035 0.0198882
0.429648 0.00388535
0.452261 -0.0129632
0.474874 -0.0304614
0.497487 -0.0484031
0.520101 -0.0665729
0.542714 -0.0847554
0.565327 -0.102748
0.58794 -0.120361
0.610553 -0.137422
0.633166 -0.153768
0.655779 -0.169253
0.678392 -0.183745
0.701005 -0.197125
0.723618 -0.209289
0.746231 -0.220146
0.768844 -0.22962
0.791457 -0.237649
0.81407 -0.244184
0.836683 -0.249191
0.859296 -0.25265
0.88191 -0.254555
0.904523 -0.254914
0.927136 -0.253748
0.949749 -0.251094
0.972362 -0.247002
0.994975 -0.241536
1.01759 -0.234774
1.0402 -0.226803
1.06281 -0.217717
1.08543 -0.207609
1.10804 -0.196579
1.13065 -0.184725
1.15327 -0.172153
1.17588 -0.158969
1.19849 -0.145282
1.22111 -0.131204
1.24372 -0.116852
1.26633 -0.102342
1.28894 -0.0877973
1.31156 -0.0733405
1.33417 -0.0590991
1.35678 -0.0452029
1.3794 -0.0317846
1.40201 -0.01898
1.42462 -0.00692765
1.44724 0.00423089
1.46985 0.0143512
1.49246 0.023286
1.51508 0.0308851
1.53769 0.0370031
1.5603 0.041514
1.58291 0.0443145
1.60553 0.0453244
1.62814 0.0444862
1.65075 0.0417652
1.67337 0.0371496
1.69598 0.0306505
1.71859 0.0223018
1.74121 0.0121603
1.76382 0.000305477
1.78643 -0.0131601
1.80905 -0.0281113
1.83166 -0.0443998
1.85427 -0.0618548
1.87688 -0.0802823
1.8995 -0.0994656
1.92211 -0.119165
1.94472 -0.139119
1.96734 -0.159042
1.98995 -0.178625
2.01256 -0.197538
2.03518 -0.215441
2.05779 -0.232018
2.0804 -0.246988
2.10302 -0.260105
2.12563 -0.271159
2.14824 -0.279973
2.17085 -0.286405
2.19347 -0.290349
2.21608 -0.291734
2.23869 -0.290523
2.26131 -0.286714
2.28392 -0.280339
2.30653 -0.271467
2.32915 -0.260201
2.35176 -0.246678
2.37437 -0.23107
2.39698 -0.213586
2.4196 -0.194466
2.44221 -0.173988
2.46482 -0.152465
2.48744 -0.130242
2.51005 -0.107702
2.53266 -0.0852488
2.55528 -0.0632688
2.57789 -0.0421154
2.6005 -0.0221081
2.62312 -0.00353304
2.64573 0.0133574
2.66834 0.0283442
2.69095 0.0412422
2.71357 0.0518995
2.73618 0.0601981
2.75879 0.0660533
2.78141 0.0694142
2.80402 0.0702632
2.82663 0.0686165
2.84925 0.0645238
2.87186 0.0580685
2.89447 0.0493673
2.91709 0.0385707
2.9397 0.0258627
2.96231 0.0114609
2.98492 -0.00438364
3.00754 -0.0213861
3.03015 -0.0392352
3.05276 -0.0576241
3.07538 -0.0762655
3.09799 -0.0948921
3.1206 -0.113257
3.14322 -0.131131
3.16583 -0.148309
3.18844 -0.164603
3.21106 -0.179845
3.23367 -0.193887
3.25628 -0.206603
3.27889 -0.217884
3.30151 -0.227644
3.32412 -0.235814
3.34673 -0.242346
3.36935 -0.247214
3.39196 -0.250409
3.41457 -0.251944
3.43719 -0.25185
3.4598 -0.250181
3.48241 -0.247008
3.50503 -0.242424
3.52764 -0.236538
3.55025 -0.229467
3.57286 -0.221325
3.59548 -0.212223
3.61809 -0.202272
3.6407 -0.19158
3.66332 -0.180252
3.68593 -0.168394
3.70854 -0.156106
3.73116 -0.143489
3.75377 -0.13064
3.77638 -0.117656
3.79899 -0.10463
3.82161 -0.0916534
3.84422 -0.0788164
3.86683 -0.0662065
3.88945 -0.0539093
3.91206 -0.0420083
3.93467 -0.0305851
3.95729 -0.0197193
3.9799 -0.00948809
4.00251 3.29576e-05
4.02513 0.0087706
4.04774 0.0166543
4.07035 0.0236168
4.09296 0.029594
4.11558 0.0345253
4.13819 0.0383533
4.1608 0.0410237
4.18342 0.0424857
4.20603 0.0426917
4.22864 0.0415974
4.25126 0.0391618
4.27387 0.0353471
4.29648 0.0301189
4.3191 0.0234459
4.34171 0.0153004
4.36432 0.00565759
4.38693 -0.00550376
4.40955 -0.0182017
4.43216 -0.032451
4.45477 -0.0482633
4.47739 -0.0656465
4.5 -0.0846058
