"data points"
0.1 12.644 0.858
0.145 9.235 0.359
0.211 7.377 0.505
0.307 6.46 0.403
0.447 5.555 0.683
0.649 5.896 0.605
0.944 5.673 0.856
1.372 6.964 0.351
1.995 8.896 1.083
2.9 11.355 1.002


"fit"
0.09 13.3327 55.6637 -28.9983
0.119394 10.7377 46.4157 -24.9402
0.148788 9.20321 40.9546 -22.5482
0.178182 8.20428 37.4064 -20.9979
0.207576 7.51342 34.9584 -19.9316
0.23697 7.01599 33.2012 -19.1692
0.266364 6.64796 31.9061 -18.6102
0.295758 6.37074 30.9353 -18.1938
0.325152 6.15971 30.2009 -17.8815
0.354545 5.9984 29.6441 -17.6473
0.383939 5.8754 29.224 -17.4732
0.413333 5.78252 28.9116 -17.3466
0.442727 5.71378 28.6853 -17.2578
0.472121 5.66466 28.5292 -17.1998
0.501515 5.63172 28.4307 -17.1673
0.530909 5.61226 28.3805 -17.156
0.560303 5.60416 28.3708 -17.1625
0.589697 5.60573 28.3957 -17.1842
0.619091 5.61559 28.4501 -17.2189
0.648485 5.6326 28.5301 -17.2649
0.677879 5.65585 28.6324 -17.3207
0.707273 5.68455 28.7541 -17.385
0.736667 5.71805 28.893 -17.4569
0.766061 5.7558 29.047 -17.5355
0.795455 5.79732 29.2146 -17.6199
0.824848 5.84222 29.3942 -17.7097
0.854242 5.89014 29.5846 -17.8043
0.883636 5.94079 29.7847 -17.9031
0.91303 5.99389 29.9936 -18.0058
0.942424 6.04923 30.2104 -18.112
0.971818 6.10659 30.4345 -18.2213
1.00121 6.1658 30.6652 -18.3336
1.03061 6.2267 30.9019 -18.4485
1.06 6.28915 31.1442 -18.5659
1.08939 6.35303 31.3916 -18.6855
1.11879 6.41822 31.6436 -18.8072
1.14818 6.48462 31.9 -18.9308
1.17758 6.55214 32.1604 -19.0561
1.20697 6.6207 32.4245 -19.1831
1.23636 6.69022 32.692 -19.3115
1.26576 6.76065 32.9627 -19.4414
1.29515 6.8319 33.2365 -19.5727
1.32455 6.90394 33.513 -19.7051
1.35394 6.97671 33.7921 -19.8387
1.38333 7.05017 34.0737 -19.9733
1.41273 7.12426 34.3575 -20.109
1.44212 7.19895 34.6435 -20.2456
1.47152 7.27421 34.9315 -20.3831
1.50091 7.35001 35.2214 -20.5214
1.5303 7.4263 35.5131 -20.6605
1.5597 7.50307 35.8065 -20.8004
1.58909 7.58028 36.1015 -20.941
1.61848 7.65792 36.398 -21.0822
1.64788 7.73596 36.696 -21.2241
1.67727 7.81437 36.9953 -21.3665
1.70667 7.89315 37.2958 -21.5095
1.73606 7.97226 37.5976 -21.6531
1.76545 8.05171 37.9006 -21.7972
1.79485 8.13145 38.2046 -21.9417
1.82424 8.2115 38.5097 -22.0867
1.85364 8.29182 38.8158 -22.2322
1.88303 8.37241 39.1228 -22.378
1.91242 8.45325 39.4308 -22.5243
1.94182 8.53433 39.7396 -22.6709
1.97121 8.61565 40.0492 -22.8179
2.00061 8.69718 40.3597 -22.9653
2.03 8.77893 40.6709 -23.113
2.05939 8.86089 40.9828 -23.261
2.08879 8.94303 41.2954 -23.4093
2.11818 9.02536 41.6087 -23.5579
2.14758 9.10787 41.9226 -23.7068
2.17697 9.19056 42.2371 -23.856
2.20636 9.2734 42.5522 -24.0054
2.23576 9.3564 42.8679 -24.1551
2.26515 9.43956 43.1841 -24.305
2.29455 9.52286 43.5008 -24.4551
2.32394 9.6063 43.818 -24.6054
2.35333 9.68988 44.1358 -24.756
2.38273 9.77359 44.4539 -24.9068
2.41212 9.85742 44.7726 -25.0577
2.44152 9.94137 45.0916 -25.2089
2.47091 10.0254 45.4111 -25.3602
2.5003 10.1096 45.731 -25.5117
2.5297 10.1939 46.0513 -25.6634
2.55909 10.2783 46.3719 -25.8153
2.58848 10.3628 46.6929 -25.9673
2.61788 10.4474 47.0142 -26.1194
2.64727 10.5321 47.3359 -26.2718
2.67667 10.6169 47.6579 -26.4242
2.70606 10.7017 47.9803 -26.5768
2.73545 10.7867 48.3029 -26.7295
2.76485 10.8717 48.6258 -26.8824
2.79424 10.9568 48.9491 -27.0354
2.82364 11.042 49.2726 -27.1885
2.85303 11.1273 49.5963 -27.3417
2.88242 11.2127 49.9203 -27.495
2.91182 11.2981 50.2446 -27.6485
2.94121 11.3835 50.5691 -27.802
2.97061 11.4691 50.8939 -27.9557
3 11.5547 51.2189 -28.1095
