"ode12: y1" "ode12: y2"
0 0 10
0.0841715 -0.841715 9.96458
0.164928 -1.64367 9.86411
0.24362 -2.41481 9.70422
0.321049 -3.15896 9.48816
0.397699 -3.87695 9.21815
0.473866 -4.56782 8.89612
0.549732 -5.22959 8.52397
0.625412 -5.85971 8.10379
0.700975 -6.45532 7.63787
0.776465 -7.01351 7.1288
0.851909 -7.53138 6.57938
0.927325 -8.00616 5.99268
1.00272 -8.43524 5.372
1.07811 -8.81625 4.72082
1.15349 -9.14706 4.04284
1.22887 -9.4258 3.34189
1.30424 -9.65092 2.62195
1.37961 -9.82112 1.88709
1.45498 -9.93546 1.14151
1.53035 -9.99328 0.389439
1.60572 -9.99424 -0.364853
1.68109 -9.93836 -1.11707
1.75646 -9.82594 -1.86294
1.83183 -9.65763 -2.59822
1.9072 -9.43437 -3.31872
1.98256 -9.15745 -4.02035
2.05793 -8.82843 -4.69911
2.1333 -8.44919 -5.35115
2.20867 -8.02189 -5.97276
2.28404 -7.54895 -6.56039
2.35941 -7.03306 -7.11071
2.43477 -6.47716 -7.62058
2.51014 -5.88442 -8.08711
2.58551 -5.25819 -8.50764
2.66088 -4.60205 -8.87978
2.73625 -3.91973 -9.20141
2.81162 -3.2151 -9.4707
2.88698 -2.49218 -9.68611
2.96235 -1.75508 -9.84643
3 -1.38314 -9.90553


"ode23: y1" "ode23: y2"
0 0 10
0.00565882 -0.0565879 9.99984
0.0110522 -0.11052 9.99939
0.0162236 -0.162229 9.99868
0.0212082 -0.212066 9.99775
0.0260349 -0.26032 9.99661
0.0307276 -0.307228 9.99528
0.0353061 -0.352988 9.99377
0.039787 -0.397765 9.99209
0.0441841 -0.441697 9.99024
0.0485092 -0.484901 9.98824
0.0527722 -0.527477 9.98608
0.0569818 -0.569509 9.98377
0.061145 -0.611069 9.98131
0.0652682 -0.652218 9.97871
0.0693566 -0.69301 9.97596
0.0734148 -0.733488 9.97306
0.0774468 -0.773694 9.97002
0.081456 -0.813659 9.96684
0.0854453 -0.853414 9.96352
0.0894174 -0.892982 9.96005
0.0933743 -0.932387 9.95644
0.0973182 -0.971647 9.95268
0.101251 -1.01078 9.94879
0.105173 -1.04979 9.94474
0.109087 -1.0887 9.94056
0.112993 -1.12752 9.93623
0.116892 -1.16626 9.93176
0.120786 -1.20492 9.92714
0.124674 -1.24351 9.92238
0.128558 -1.28204 9.91748
0.132438 -1.32052 9.91243
0.136315 -1.35893 9.90723
0.140189 -1.3973 9.9019
0.14406 -1.43563 9.89641
0.147929 -1.4739 9.89078
0.151796 -1.51214 9.88501
0.155662 -1.55034 9.87909
0.159525 -1.58849 9.87303
0.163388 -1.62662 9.86682
0.167249 -1.6647 9.86046
0.171109 -1.70275 9.85397
0.174968 -1.74077 9.84732
0.178827 -1.77875 9.84053
0.182685 -1.8167 9.83359
0.186542 -1.85462 9.82651
0.190399 -1.89251 9.81929
0.194255 -1.93036 9.81192
0.198111 -1.96818 9.8044
0.201967 -2.00596 9.79674
0.205822 -2.04372 9.78893
0.209677 -2.08144 9.78098
0.213532 -2.11913 9.77289
0.217386 -2.15678 9.76464
0.221241 -2.1944 9.75626
0.225095 -2.23199 9.74773
0.228949 -2.26954 9.73905
0.232803 -2.30706 9.73024
0.236657 -2.34454 9.72127
0.240511 -2.38199 9.71216
0.244364 -2.4194 9.70291
0.248218 -2.45677 9.69352
0.252071 -2.4941 9.68398
0.255925 -2.5314 9.6743
0.259778 -2.56866 9.66447
0.263632 -2.60589 9.6545
0.267485 -2.64307 9.64439
0.271339 -2.68021 9.63413
0.275192 -2.71732 9.62373
0.279045 -2.75438 9.61319
0.282898 -2.7914 9.6025
0.286752 -2.82838 9.59168
0.290605 -2.86532 9.58071
0.294458 -2.90221 9.5696
0.298311 -2.93907 9.55834
0.302165 -2.97587 9.54695
0.306018 -3.01264 9.53541
0.309871 -3.04936 9.52373
0.313724 -3.08603 9.51191
0.317577 -3.12266 9.49995
0.32143 -3.15924 9.48784
0.325284 -3.19578 9.4756
0.329137 -3.23226 9.46322
0.33299 -3.2687 9.45069
0.336843 -3.30509 9.43803
0.340696 -3.34143 9.42522
0.344549 -3.37773 9.41228
0.348403 -3.41397 9.39919
0.352256 -3.45016 9.38597
0.356109 -3.4863 9.3726
0.359962 -3.52239 9.3591
0.363815 -3.55842 9.34546
0.367668 -3.5944 9.33168
0.371521 -3.63033 9.31776
0.375375 -3.66621 9.3037
0.379228 -3.70203 9.28951
0.383081 -3.7378 9.27518
0.386934 -3.77351 9.2607
0.390787 -3.80916 9.2461
0.39464 -3.84476 9.23135
0.398493 -3.8803 9.21647
0.402346 -3.91578 9.20145
0.4062 -3.95121 9.18629
0.410053 -3.98658 9.171
0.413906 -4.02188 9.15557
0.417759 -4.05713 9.14
0.421612 -4.09232 9.1243
0.425465 -4.12745 9.10847
0.429318 -4.16251 9.0925
0.433171 -4.19751 9.07639
0.437025 -4.23246 9.06015
0.440878 -4.26733 9.04377
0.444731 -4.30215 9.02726
0.448584 -4.3369 9.01062
0.452437 -4.37159 8.99384
0.45629 -4.40621 8.97693
0.460143 -4.44077 8.95989
0.463997 -4.47526 8.94271
0.46785 -4.50968 8.9254
0.471703 -4.54404 8.90796
0.475556 -4.57833 8.89038
0.479409 -4.61255 8.87268
0.483262 -4.6467 8.85484
0.487115 -4.68079 8.83687
0.490968 -4.7148 8.81877
0.494822 -4.74875 8.80053
0.498675 -4.78262 8.78217
0.502528 -4.81642 8.76368
0.506381 -4.85016 8.74506
0.510234 -4.88381 8.7263
0.514087 -4.9174 8.70742
0.51794 -4.95092 8.68841
0.521793 -4.98436 8.66927
0.525647 -5.01772 8.65
0.5295 -5.05102 8.6306
0.533353 -5.08423 8.61107
0.537206 -5.11737 8.59142
0.541059 -5.15044 8.57164
0.544912 -5.18343 8.55173
0.548765 -5.21634 8.53169
0.552618 -5.24918 8.51153
0.556472 -5.28193 8.49124
0.560325 -5.31461 8.47083
0.564178 -5.34721 8.45029
0.568031 -5.37973 8.42962
0.571884 -5.41217 8.40883
0.575737 -5.44453 8.38791
0.57959 -5.47681 8.36687
0.583443 -5.50901 8.34571
0.587297 -5.54113 8.32442
0.59115 -5.57316 8.303
0.595003 -5.60511 8.28147
0.598856 -5.63698 8.25981
0.602709 -5.66876 8.23803
0.606562 -5.70046 8.21613
0.610415 -5.73208 8.1941
0.614268 -5.76361 8.17195
0.618122 -5.79505 8.14968
0.621975 -5.82641 8.12729
0.625828 -5.85768 8.10478
0.629681 -5.88887 8.08215
0.633534 -5.91997 8.0594
0.637387 -5.95098 8.03653
0.64124 -5.9819 8.01354
0.645094 -6.01273 7.99044
0.648947 -6.04348 7.96721
0.6528 -6.07413 7.94386
0.656653 -6.10469 7.9204
0.660506 -6.13517 7.89682
0.664359 -6.16555 7.87312
0.668212 -6.19584 7.84931
0.672065 -6.22604 7.82537
0.675919 -6.25614 7.80133
0.679772 -6.28615 7.77716
0.683625 -6.31607 7.75288
0.687478 -6.3459 7.72849
0.691331 -6.37563 7.70398
0.695184 -6.40527 7.67936
0.699037 -6.43481 7.65462
0.70289 -6.46426 7.62977
0.706744 -6.49361 7.60481
0.710597 -6.52286 7.57973
0.71445 -6.55202 7.55454
0.718303 -6.58108 7.52924
0.722156 -6.61004 7.50382
0.726009 -6.6389 7.4783
0.729862 -6.66767 7.45266
0.733715 -6.69634 7.42692
0.737569 -6.7249 7.40106
0.741422 -6.75337 7.37509
0.745275 -6.78174 7.34902
0.749128 -6.81 7.32283
0.752981 -6.83817 7.29654
0.756834 -6.86623 7.27013
0.760687 -6.8942 7.24362
0.76454 -6.92205 7.21701
0.768394 -6.94981 7.19028
0.772247 -6.97746 7.16345
0.7761 -7.00501 7.13651
0.779953 -7.03246 7.10947
0.783806 -7.0598 7.08232
0.787659 -7.08704 7.05506
0.791512 -7.11417 7.0277
0.795366 -7.1412 7.00024
0.799219 -7.16811 6.97267
0.803072 -7.19493 6.945
0.806925 -7.22163 6.91722
0.810778 -7.24823 6.88935
0.814631 -7.27473 6.86137
0.818484 -7.30111 6.83329
0.822337 -7.32738 6.8051
0.826191 -7.35355 6.77682
0.830044 -7.37961 6.74844
0.833897 -7.40556 6.71995
0.83775 -7.43139 6.69137
0.841603 -7.45712 6.66268
0.845456 -7.48274 6.6339
0.849309 -7.50824 6.60502
0.853162 -7.53364 6.57604
0.857016 -7.55892 6.54696
0.860869 -7.58409 6.51779
0.864722 -7.60915 6.48852
0.868575 -7.63409 6.45915
0.872428 -7.65892 6.42969
0.876281 -7.68364 6.40013
0.880134 -7.70824 6.37048
0.883987 -7.73273 6.34073
0.887841 -7.75711 6.31089
0.891694 -7.78137 6.28095
0.895547 -7.80551 6.25092
0.8994 -7.82954 6.2208
0.903253 -7.85345 6.19058
0.907106 -7.87724 6.16028
0.910959 -7.90092 6.12988
0.914812 -7.92448 6.09939
0.918666 -7.94793 6.06881
0.922519 -7.97125 6.03814
0.926372 -7.99446 6.00738
0.930225 -8.01754 5.97654
0.934078 -8.04051 5.9456
0.937931 -8.06336 5.91457
0.941784 -8.08609 5.88346
0.945638 -8.1087 5.85226
0.949491 -8.13119 5.82097
0.953344 -8.15356 5.7896
0.957197 -8.17581 5.75814
0.96105 -8.19793 5.7266
0.964903 -8.21994 5.69496
0.968756 -8.24182 5.66325
0.972609 -8.26358 5.63145
0.976463 -8.28522 5.59957
0.980316 -8.30673 5.5676
0.984169 -8.32812 5.53556
0.988022 -8.34939 5.50343
0.991875 -8.37053 5.47121
0.995728 -8.39155 5.43892
0.999581 -8.41245 5.40655
1.00343 -8.43322 5.37409
1.00729 -8.45386 5.34156
1.01114 -8.47438 5.30894
1.01499 -8.49477 5.27625
1.01885 -8.51504 5.24348
1.0227 -8.53518 5.21063
1.02655 -8.55519 5.17771
1.03041 -8.57508 5.1447
1.03426 -8.59484 5.11163
1.03811 -8.61447 5.07847
1.04197 -8.63398 5.04524
1.04582 -8.65335 5.01194
1.04967 -8.6726 4.97856
1.05353 -8.69172 4.9451
1.05738 -8.71071 4.91158
1.06123 -8.72957 4.87798
1.06508 -8.7483 4.8443
1.06894 -8.7669 4.81056
1.07279 -8.78537 4.77674
1.07664 -8.80371 4.74286
1.0805 -8.82192 4.7089
1.08435 -8.84 4.67487
1.0882 -8.85795 4.64078
1.09206 -8.87576 4.60661
1.09591 -8.89344 4.57238
1.09976 -8.911 4.53808
1.10362 -8.92842 4.50371
1.10747 -8.9457 4.46927
1.11132 -8.96286 4.43477
1.11518 -8.97988 4.4002
1.11903 -8.99677 4.36557
1.12288 -9.01352 4.33087
1.12673 -9.03014 4.29611
1.13059 -9.04663 4.26128
1.13444 -9.06298 4.22639
1.13829 -9.0792 4.19144
1.14215 -9.09528 4.15643
1.146 -9.11123 4.12135
1.14985 -9.12704 4.08621
1.15371 -9.14272 4.05102
1.15756 -9.15826 4.01576
1.16141 -9.17366 3.98044
1.16527 -9.18893 3.94506
1.16912 -9.20406 3.90963
1.17297 -9.21906 3.87413
1.17683 -9.23392 3.83858
1.18068 -9.24864 3.80298
1.18453 -9.26323 3.76731
1.18838 -9.27767 3.73159
1.19224 -9.29198 3.69582
1.19609 -9.30615 3.65998
1.19994 -9.32019 3.6241
1.2038 -9.33408 3.58816
1.20765 -9.34784 3.55217
1.2115 -9.36146 3.51612
1.21536 -9.37494 3.48003
1.21921 -9.38827 3.44388
1.22306 -9.40147 3.40768
1.22692 -9.41453 3.37143
1.23077 -9.42746 3.33513
1.23462 -9.44024 3.29878
1.23848 -9.45288 3.26238
1.24233 -9.46538 3.22593
1.24618 -9.47774 3.18944
1.25003 -9.48996 3.1529
1.25389 -9.50203 3.11631
1.25774 -9.51397 3.07967
1.26159 -9.52577 3.04299
1.26545 -9.53742 3.00626
1.2693 -9.54893 2.96949
1.27315 -9.5603 2.93268
1.27701 -9.57153 2.89582
1.28086 -9.58262 2.85892
1.28471 -9.59356 2.82197
1.28857 -9.60437 2.78499
1.29242 -9.61503 2.74796
1.29627 -9.62554 2.71089
1.30013 -9.63592 2.67378
1.30398 -9.64615 2.63663
1.30783 -9.65624 2.59945
1.31168 -9.66618 2.56222
1.31554 -9.67598 2.52496
1.31939 -9.68564 2.48765
1.32324 -9.69515 2.45032
1.3271 -9.70452 2.41294
1.33095 -9.71375 2.37553
1.3348 -9.72283 2.33808
1.33866 -9.73176 2.3006
1.34251 -9.74056 2.26309
1.34636 -9.7492 2.22554
1.35022 -9.75771 2.18796
1.35407 -9.76606 2.15035
1.35792 -9.77428 2.1127
1.36178 -9.78235 2.07502
1.36563 -9.79027 2.03732
1.36948 -9.79805 1.99958
1.37333 -9.80568 1.96181
1.37719 -9.81316 1.92401
1.38104 -9.8205 1.88619
1.38489 -9.8277 1.84833
1.38875 -9.83475 1.81045
1.3926 -9.84165 1.77254
1.39645 -9.84841 1.73461
1.40031 -9.85502 1.69665
1.40416 -9.86148 1.65866
1.40801 -9.8678 1.62065
1.41187 -9.87397 1.58262
1.41572 -9.88 1.54456
1.41957 -9.88587 1.50648
1.42343 -9.89161 1.46838
1.42728 -9.89719 1.43026
1.43113 -9.90263 1.39211
1.43498 -9.90792 1.35394
1.43884 -9.91306 1.31576
1.44269 -9.91806 1.27755
1.44654 -9.92291 1.23933
1.4504 -9.92761 1.20108
1.45425 -9.93216 1.16282
1.4581 -9.93657 1.12454
1.46196 -9.94083 1.08625
1.46581 -9.94494 1.04794
1.46966 -9.9489 1.00961
1.47352 -9.95272 0.971269
1.47737 -9.95639 0.932913
1.48122 -9.95991 0.894543
1.48508 -9.96328 0.85616
1.48893 -9.96651 0.817764
1.49278 -9.96958 0.779355
1.49663 -9.97251 0.740936
1.50049 -9.97529 0.702505
1.50434 -9.97793 0.664064
1.50819 -9.98041 0.625613
1.51205 -9.98275 0.587152
1.5159 -9.98494 0.548683
1.51975 -9.98698 0.510206
1.52361 -9.98887 0.471721
1.52746 -9.99061 0.433229
1.53131 -9.99221 0.394731
1.53517 -9.99365 0.356227
1.53902 -9.99495 0.317718
1.54287 -9.9961 0.279204
1.54673 -9.9971 0.240685
1.55058 -9.99796 0.202164
1.55443 -9.99866 0.163639
1.55828 -9.99922 0.125111
1.56214 -9.99963 0.0865824
1.56599 -9.99988 0.048052
1.56984 -10 0.00952088
1.5737 -9.99996 -0.0290104
1.57755 -9.99977 -0.0675412
1.5814 -9.99944 -0.106071
1.58526 -9.99895 -0.144599
1.58911 -9.99832 -0.183125
1.59296 -9.99754 -0.221649
1.59682 -9.99661 -0.260169
1.60067 -9.99554 -0.298685
1.60452 -9.99431 -0.337197
1.60838 -9.99294 -0.375703
1.61223 -9.99142 -0.414205
1.61608 -9.98975 -0.4527
1.61993 -9.98793 -0.491188
1.62379 -9.98596 -0.529669
1.62764 -9.98385 -0.568142
1.63149 -9.98158 -0.606607
1.63535 -9.97917 -0.645063
1.6392 -9.97661 -0.683509
1.64305 -9.97391 -0.721945
1.64691 -9.97105 -0.76037
1.65076 -9.96805 -0.798784
1.65461 -9.96489 -0.837186
1.65847 -9.96159 -0.875576
1.66232 -9.95815 -0.913953
1.66617 -9.95455 -0.952316
1.67003 -9.95081 -0.990665
1.67388 -9.94692 -1.029
1.67773 -9.94288 -1.06732
1.68158 -9.93869 -1.10562
1.68544 -9.93436 -1.14391
1.68929 -9.92988 -1.18218
1.69314 -9.92525 -1.22043
1.697 -9.92047 -1.25866
1.70085 -9.91555 -1.29688
1.7047 -9.91048 -1.33508
1.70856 -9.90526 -1.37325
1.71241 -9.8999 -1.41141
1.71626 -9.89438 -1.44954
1.72012 -9.88872 -1.48766
1.72397 -9.88292 -1.52575
1.72782 -9.87697 -1.56382
1.73168 -9.87087 -1.60186
1.73553 -9.86462 -1.63988
1.73938 -9.85823 -1.67788
1.74323 -9.85169 -1.71585
1.74709 -9.84501 -1.7538
1.75094 -9.83818 -1.79172
1.75479 -9.8312 -1.82962
1.75865 -9.82408 -1.86748
1.7625 -9.81681 -1.90532
1.76635 -9.80939 -1.94313
1.77021 -9.80184 -1.98092
1.77406 -9.79413 -2.01867
1.77791 -9.78628 -2.05639
1.78177 -9.77828 -2.09408
1.78562 -9.77014 -2.13175
1.78947 -9.76185 -2.16938
1.79333 -9.75342 -2.20697
1.79718 -9.74485 -2.24454
1.80103 -9.73613 -2.28207
1.80489 -9.72726 -2.31957
1.80874 -9.71825 -2.35703
1.81259 -9.7091 -2.39446
1.81644 -9.6998 -2.43185
1.8203 -9.69036 -2.46921
1.82415 -9.68077 -2.50653
1.828 -9.67104 -2.54381
1.83186 -9.66117 -2.58105
1.83571 -9.65115 -2.61826
1.83956 -9.64099 -2.65543
1.84342 -9.63069 -2.69256
1.84727 -9.62024 -2.72964
1.85112 -9.60965 -2.76669
1.85498 -9.59892 -2.8037
1.85883 -9.58805 -2.84066
1.86268 -9.57703 -2.87759
1.86654 -9.56587 -2.91447
1.87039 -9.55457 -2.9513
1.87424 -9.54313 -2.9881
1.87809 -9.53154 -3.02484
1.88195 -9.51982 -3.06155
1.8858 -9.50795 -3.09821
1.88965 -9.49594 -3.13482
1.89351 -9.48379 -3.17138
1.89736 -9.4715 -3.2079
1.90121 -9.45907 -3.24437
1.90507 -9.4465 -3.2808
1.90892 -9.43379 -3.31717
1.91277 -9.42094 -3.3535
1.91663 -9.40795 -3.38977
1.92048 -9.39482 -3.426
1.92433 -9.38154 -3.46217
1.92819 -9.36813 -3.49829
1.93204 -9.35459 -3.53436
1.93589 -9.3409 -3.57038
1.93974 -9.32707 -3.60635
1.9436 -9.31311 -3.64226
1.94745 -9.299 -3.67812
1.9513 -9.28476 -3.71392
1.95516 -9.27038 -3.74967
1.95901 -9.25587 -3.78536
1.96286 -9.24121 -3.82099
1.96672 -9.22642 -3.85657
1.97057 -9.21149 -3.89209
1.97442 -9.19643 -3.92756
1.97828 -9.18123 -3.96296
1.98213 -9.16589 -3.99831
1.98598 -9.15041 -4.0336
1.98984 -9.1348 -4.06883
1.99369 -9.11906 -4.10399
1.99754 -9.10318 -4.1391
2.00139 -9.08716 -4.17415
2.00525 -9.07101 -4.20913
2.0091 -9.05473 -4.24405
2.01295 -9.03831 -4.27891
2.01681 -9.02175 -4.3137
2.02066 -9.00506 -4.34843
2.02451 -8.98824 -4.38309
2.02837 -8.97129 -4.4177
2.03222 -8.9542 -4.45223
2.03607 -8.93698 -4.4867
2.03993 -8.91962 -4.5211
2.04378 -8.90214 -4.55544
2.04763 -8.88452 -4.5897
2.05149 -8.86677 -4.6239
2.05534 -8.84888 -4.65803
2.05919 -8.83087 -4.69209
2.06304 -8.81273 -4.72608
2.0669 -8.79445 -4.76001
2.07075 -8.77604 -4.79386
2.0746 -8.75751 -4.82764
2.07846 -8.73884 -4.86134
2.08231 -8.72004 -4.89498
2.08616 -8.70112 -4.92854
2.09002 -8.68206 -4.96203
2.09387 -8.66288 -4.99545
2.09772 -8.64357 -5.02879
2.10158 -8.62413 -5.06206
2.10543 -8.60456 -5.09525
2.10928 -8.58486 -5.12837
2.11314 -8.56504 -5.16141
2.11699 -8.54509 -5.19437
2.12084 -8.52501 -5.22726
2.12469 -8.5048 -5.26007
2.12855 -8.48447 -5.2928
2.1324 -8.46402 -5.32545
2.13625 -8.44343 -5.35802
2.14011 -8.42273 -5.39052
2.14396 -8.40189 -5.42293
2.14781 -8.38094 -5.45526
2.15167 -8.35985 -5.48752
2.15552 -8.33865 -5.51969
2.15937 -8.31732 -5.55178
2.16323 -8.29586 -5.58378
2.16708 -8.27429 -5.61571
2.17093 -8.25259 -5.64755
2.17479 -8.23077 -5.6793
2.17864 -8.20882 -5.71097
2.18249 -8.18676 -5.74256
2.18634 -8.16457 -5.77406
2.1902 -8.14226 -5.80548
2.19405 -8.11983 -5.83681
2.1979 -8.09728 -5.86805
2.20176 -8.07461 -5.89921
2.20561 -8.05182 -5.93028
2.20946 -8.02891 -5.96126
2.21332 -8.00588 -5.99215
2.21717 -7.98273 -6.02295
2.22102 -7.95947 -6.05367
2.22488 -7.93608 -6.08429
2.22873 -7.91258 -6.11482
2.23258 -7.88896 -6.14527
2.23644 -7.86522 -6.17562
2.24029 -7.84137 -6.20588
2.24414 -7.8174 -6.23605
2.24799 -7.79331 -6.26612
2.25185 -7.76911 -6.2961
2.2557 -7.74479 -6.32599
2.25955 -7.72036 -6.35579
2.26341 -7.69581 -6.38549
2.26726 -7.67115 -6.41509
2.27111 -7.64638 -6.4446
2.27497 -7.62149 -6.47402
2.27882 -7.59649 -6.50334
2.28267 -7.57137 -6.53256
2.28653 -7.54615 -6.56168
2.29038 -7.52081 -6.59071
2.29423 -7.49536 -6.61964
2.29809 -7.46979 -6.64847
2.30194 -7.44412 -6.6772
2.30579 -7.41834 -6.70584
2.30964 -7.39245 -6.73437
2.3135 -7.36644 -6.76281
2.31735 -7.34033 -6.79114
2.3212 -7.31411 -6.81937
2.32506 -7.28778 -6.8475
2.32891 -7.26134 -6.87553
2.33276 -7.23479 -6.90346
2.33662 -7.20814 -6.93129
2.34047 -7.18138 -6.95901
2.34432 -7.15451 -6.98663
2.34818 -7.12754 -7.01414
2.35203 -7.10046 -7.04155
2.35588 -7.07327 -7.06886
2.35974 -7.04598 -7.09606
2.36359 -7.01859 -7.12316
2.36744 -6.99109 -7.15015
2.37129 -6.96349 -7.17703
2.37515 -6.93578 -7.20381
2.379 -6.90798 -7.23048
2.38285 -6.88006 -7.25705
2.38671 -6.85205 -7.2835
2.39056 -6.82394 -7.30985
2.39441 -6.79572 -7.33609
2.39827 -6.7674 -7.36222
2.40212 -6.73898 -7.38824
2.40597 -6.71047 -7.41415
2.40983 -6.68185 -7.43995
2.41368 -6.65313 -7.46564
2.41753 -6.62432 -7.49122
2.42139 -6.5954 -7.51669
2.42524 -6.56639 -7.54205
2.42909 -6.53728 -7.56729
2.43294 -6.50808 -7.59243
2.4368 -6.47877 -7.61745
2.44065 -6.44937 -7.64235
2.4445 -6.41988 -7.66715
2.44836 -6.39029 -7.69183
2.45221 -6.36061 -7.71639
2.45606 -6.33083 -7.74084
2.45992 -6.30095 -7.76518
2.46377 -6.27099 -7.7894
2.46762 -6.24093 -7.8135
2.47148 -6.21077 -7.83749
2.47533 -6.18053 -7.86137
2.47918 -6.15019 -7.88512
2.48304 -6.11976 -7.90876
2.48689 -6.08924 -7.93228
2.49074 -6.05864 -7.95569
2.49459 -6.02794 -7.97897
2.49845 -5.99715 -8.00214
2.5023 -5.96627 -8.02519
2.50615 -5.9353 -8.04812
2.51001 -5.90425 -8.07093
2.51386 -5.87311 -8.09362
2.51771 -5.84188 -8.11619
2.52157 -5.81056 -8.13863
2.52542 -5.77916 -8.16096
2.52927 -5.74767 -8.18317
2.53313 -5.7161 -8.20526
2.53698 -5.68444 -8.22722
2.54083 -5.6527 -8.24906
2.54469 -5.62087 -8.27078
2.54854 -5.58896 -8.29238
2.55239 -5.55697 -8.31385
2.55625 -5.52489 -8.3352
2.5601 -5.49273 -8.35643
2.56395 -5.4605 -8.37753
2.5678 -5.42818 -8.39851
2.57166 -5.39577 -8.41936
2.57551 -5.36329 -8.44009
2.57936 -5.33073 -8.46069
2.58322 -5.29809 -8.48117
2.58707 -5.26538 -8.50152
2.59092 -5.23258 -8.52174
2.59478 -5.1997 -8.54184
2.59863 -5.16675 -8.56181
2.60248 -5.13373 -8.58166
2.60634 -5.10062 -8.60138
2.61019 -5.06744 -8.62097
2.61404 -5.03419 -8.64043
2.6179 -5.00086 -8.65976
2.62175 -4.96745 -8.67896
2.6256 -4.93397 -8.69804
2.62945 -4.90042 -8.71699
2.63331 -4.8668 -8.7358
2.63716 -4.8331 -8.75449
2.64101 -4.79933 -8.77305
2.64487 -4.7655 -8.79148
2.64872 -4.73159 -8.80977
2.65257 -4.6976 -8.82794
2.65643 -4.66355 -8.84597
2.66028 -4.62944 -8.86388
2.66413 -4.59525 -8.88165
2.66799 -4.56099 -8.89929
2.67184 -4.52667 -8.9168
2.67569 -4.49228 -8.93417
2.67955 -4.45782 -8.95142
2.6834 -4.42329 -8.96853
2.68725 -4.38871 -8.9855
2.6911 -4.35405 -9.00235
2.69496 -4.31933 -9.01906
2.69881 -4.28455 -9.03563
2.70266 -4.2497 -9.05207
2.70652 -4.21479 -9.06838
2.71037 -4.17982 -9.08455
2.71422 -4.14478 -9.10059
2.71808 -4.10969 -9.11649
2.72193 -4.07453 -9.13226
2.72578 -4.03931 -9.14789
2.72964 -4.00403 -9.16339
2.73349 -3.9687 -9.17875
2.73734 -3.9333 -9.19397
2.7412 -3.89784 -9.20906
2.74505 -3.86233 -9.22401
2.7489 -3.82676 -9.23883
2.75275 -3.79114 -9.2535
2.75661 -3.75545 -9.26804
2.76046 -3.71971 -9.28244
2.76431 -3.68392 -9.29671
2.76817 -3.64807 -9.31083
2.77202 -3.61217 -9.32482
2.77587 -3.57621 -9.33867
2.77973 -3.5402 -9.35238
2.78358 -3.50414 -9.36595
2.78743 -3.46803 -9.37938
2.79129 -3.43186 -9.39267
2.79514 -3.39564 -9.40583
2.79899 -3.35938 -9.41884
2.80285 -3.32306 -9.43172
2.8067 -3.28669 -9.44445
2.81055 -3.25028 -9.45704
2.8144 -3.21382 -9.4695
2.81826 -3.1773 -9.48181
2.82211 -3.14075 -9.49398
2.82596 -3.10414 -9.50601
2.82982 -3.06749 -9.5179
2.83367 -3.03079 -9.52965
2.83752 -2.99405 -9.54126
2.84138 -2.95727 -9.55273
2.84523 -2.92044 -9.56405
2.84908 -2.88356 -9.57523
2.85294 -2.84665 -9.58627
2.85679 -2.80969 -9.59717
2.86064 -2.77269 -9.60792
2.8645 -2.73565 -9.61854
2.86835 -2.69857 -9.629
2.8722 -2.66145 -9.63933
2.87605 -2.62428 -9.64951
2.87991 -2.58708 -9.65955
2.88376 -2.54985 -9.66945
2.88761 -2.51257 -9.6792
2.89147 -2.47526 -9.68881
2.89532 -2.43791 -9.69828
2.89917 -2.40052 -9.7076
2.90303 -2.3631 -9.71678
2.90688 -2.32564 -9.72581
2.91073 -2.28815 -9.7347
2.91459 -2.25062 -9.74344
2.91844 -2.21306 -9.75204
2.92229 -2.17547 -9.7605
2.92615 -2.13784 -9.76881
2.93 -2.10019 -9.77697
2.93385 -2.0625 -9.78499
2.9377 -2.02478 -9.79287
2.94156 -1.98703 -9.8006
2.94541 -1.94926 -9.80818
2.94926 -1.91145 -9.81562
2.95312 -1.87362 -9.82291
2.95697 -1.83575 -9.83006
2.96082 -1.79786 -9.83706
2.96468 -1.75995 -9.84391
2.96853 -1.722 -9.85062
2.97238 -1.68404 -9.85718
2.97624 -1.64604 -9.8636
2.98009 -1.60802 -9.86987
2.98394 -1.56998 -9.87599
2.9878 -1.53192 -9.88196
2.99165 -1.49383 -9.88779
2.9955 -1.45572 -9.89348
2.99935 -1.41759 -9.89901
3 -1.4112 -9.89992


"ode45: y1" "ode45: y2"
0 0 10
0.1 -0.998334 9.95004
1.34527 -9.75898 2.26759
2.69121 -4.44008 -9.01117
3 -1.49151 -9.93433
